2.118294407495136533e-01
2.321903085128986244e-01
2.377766713486513528e-01
2.418633786760234494e-01
2.460379537464777444e-01
2.481475744440124476e-01
2.538839102071788756e-01
2.575653424415245141e-01
2.606602531968540970e-01
2.660060086085734854e-01
2.674440474987656025e-01
2.715080713803628698e-01
2.734775602155116725e-01
2.787920531978774763e-01
2.833609514282880437e-01
2.925121217747116420e-01
2.963958677469329395e-01
3.039890024831992110e-01
3.157434105825127069e-01
3.216831380420100972e-01
3.291546898110592201e-01
3.410654064424860632e-01
3.477241532704495319e-01
3.614480497730818698e-01
3.782939023656831101e-01
3.953044967802968879e-01
