5.018007735721883300e+00
3.912974198568586637e+00
3.671890095925351982e+00
3.508014231404979366e+00
3.406195292162510047e+00
3.272326878508459824e+00
3.153269325519397537e+00
3.057413056815164065e+00
2.962078544304820316e+00
2.848430147081729036e+00
2.749075819290890177e+00
2.642595716121719285e+00
2.522724246731307574e+00
2.385518597135904972e+00
2.314675995246098239e+00
2.148648660921279152e+00
2.013285786313117054e+00
1.900996370391278001e+00
1.769628777453433388e+00
1.657238030923341654e+00
1.533351500356392672e+00
1.444123655689929953e+00
1.313952767865365967e+00
1.229610261726158837e+00
1.087069674880584147e+00
1.022253390821320052e+00
